0.018293 0.287293 0.084269
-0.296589 0.028789 -0.034187
-0.039585 -0.081570 0.285793
-0.184731 0.134350 0.194328
-0.194028 -0.213220 0.082769
0.083940 0.221834 0.198978
0.052540 0.293649 -0.006279
-0.095969 -0.089352 -0.278942
-0.245470 0.165040 -0.073001
-0.086877 0.246836 -0.166044
-0.048137 0.130150 -0.270003
-0.122367 -0.110732 0.248271
0.229018 0.087447 0.176983
0.136165 0.255746 -0.085944
0.209843 -0.194393 0.052013
0.007502 -0.289648 -0.081464
0.176506 0.224179 0.000373
-0.069003 0.277825 0.079055
0.279874 0.076632 0.058505
0.276897 -0.069080 0.082400
-0.008354 -0.157998 -0.253323
0.116094 -0.269747 0.061408
0.092452 0.064879 0.279211
-0.119604 0.027333 -0.272869
0.246147 0.108880 -0.137025
0.128143 -0.055303 0.280053
-0.139745 0.257425 0.055073
0.172458 -0.219018 -0.000746
-0.222241 -0.006744 0.188366
-0.226346 0.146839 -0.137771
